Welcome to the Bank Simulation!
We need some information to initialize your simulation...
How many tellers will you have? How many hours will your bank be open? How many customers do you expect per hour? What is the average transaction time (in minutes) of a customer? How many people can wait in your bank? Enter a seed: Individual customer service information: 

Customer  Arrival    Service  Queue  Teller  Time Serv  Time Cust  Time Serv  Time Spent 
   Id      Time       Time     Loc    Loc     Begins      Waits      Ends       in Sys   
-----------------------------------------------------------------------------------------
  1    0.65      7.70      -1      0     0.65      0.00      8.36      7.70
  2    1.49      10.95      -1      1     1.49      0.00      12.44      10.95
  3    4.61      8.79      -1      2     4.61      0.00      13.39      8.79
  4    7.11      14.06      0      0     8.36      1.25      22.42      15.31
  5    10.82      5.62      0      1     12.44      1.62      18.06      7.24
  6    12.90      5.21      0      2     13.39      0.49      18.61      5.70
  7    13.06      2.51      0      1     18.06      5.00      20.57      7.51
  8    14.64      12.42      0      2     18.61      3.97      31.02      16.39
  9    15.90      5.44      0      1     20.57      4.67      26.01      10.11
  10    16.06      3.26      0      0     22.42      6.36      25.68      9.62
  11    18.20      5.34      0      0     25.68      7.48      31.02      12.82
  12    19.86      10.74      0      1     26.01      6.15      36.75      16.89
  13    19.91      10.36      0      0     31.02      11.11      41.38      21.46
  14    20.59      0.51      0      2     31.02      10.44      31.54      10.95
  15    21.77      16.89      0      2     31.54      9.76      48.42      26.65
  16    21.83      13.13      0      1     36.75      14.91      49.87      28.04
  17    23.93      23.92      0      0     41.38      17.44      65.30      41.37
  18    23.98      8.47      0      2     48.42      24.45      56.89      32.92
  19    24.93      8.92      0      1     49.87      24.95      58.79      33.86
  20    27.31      13.22      0      2     56.89      29.58      70.11      42.80
  21    30.16      13.78      0      1     58.79      28.63      72.57      42.41
  22    32.66      16.43      0      0     65.30      32.64      81.73      49.07
  23    34.92      5.11      0      2     70.11      35.19      75.22      40.30
  24    35.37      6.72      0      1     72.57      37.20      79.29      43.91
  25    36.52      4.41      0      2     75.22      38.70      79.63      43.11
  26    37.25      4.49      0      1     79.29      42.04      83.77      46.53
  28    42.37      7.55      0      2     79.63      37.26      87.18      44.81
  34    50.51      11.40      0      0     81.73      31.22      93.13      42.62
  35    51.08      2.84      0      1     83.77      32.69      86.62      35.54
  39    58.21      15.91      0      1     86.62      28.41      102.53      44.32
  40    60.59      16.54      0      2     87.18      26.59      103.72      43.13
  43    68.65      12.62      0      0     93.13      24.47      105.74      37.09
  44    70.58      11.75      0      1     102.53      31.96      114.28      43.71
  47    73.79      0.74      0      2     103.72      29.93      104.46      30.67
  48    75.84      9.15      0      2     104.46      28.62      113.61      37.77
  50    81.95      2.52      0      0     105.74      23.79      108.26      26.31
  51    82.12      8.85      0      0     108.26      26.14      117.11      34.99
  52    92.54      2.87      0      2     113.61      21.07      116.48      23.94
  53    93.48      2.37      0      1     114.28      20.80      116.65      23.17
  54    96.28      7.20      0      2     116.48      20.20      123.68      27.40
  55    96.95      24.41      0      1     116.65      19.70      141.06      44.11
  56    97.99      10.04      0      0     117.11      19.13      127.15      29.16
  58    105.33      6.72      0      2     123.68      18.35      130.40      25.07
  59    105.73      3.76      0      0     127.15      21.42      130.91      25.17
  60    107.64      9.49      0      2     130.40      22.76      139.89      32.26
  61    108.81      6.78      0      0     130.91      22.10      137.69      28.88
  62    109.22      10.75      0      0     137.69      28.47      148.44      39.22
  66    116.61      13.98      0      2     139.89      23.28      153.87      37.26
  67    122.25      22.51      0      1     141.06      18.80      163.57      41.31
  68    124.49      17.04      0      0     148.44      23.95      165.48      40.99
  69    129.24      1.77      0      2     153.87      24.64      155.64      26.41
  70    131.28      0.35      0      2     155.64      24.36      155.99      24.71
  71    132.18      6.63      0      2     155.99      23.81      162.62      30.44
  72    132.20      0.51      0      2     162.62      30.42      163.14      30.93
  73    132.78      7.64      0      2     163.14      30.36      170.78      38.00
  74    133.82      6.82      0      1     163.57      29.75      170.38      36.56
  77    138.90      4.84      0      0     165.48      26.59      170.33      31.43
  79    141.87      11.53      0      0     170.33      28.46      181.86      39.99
  80    145.66      10.21      0      1     170.38      24.73      180.60      34.94
  83    149.01      9.41      0      2     170.78      21.77      180.19      31.18
  90    155.34      2.45      0      2     180.19      24.85      182.64      27.30
  91    160.67      1.29      0      1     180.60      19.92      181.89      21.21
  92    160.78      11.36      0      0     181.86      21.08      193.22      32.45
  93    163.86      19.51      0      1     181.89      18.02      201.39      37.53
  94    166.42      5.65      0      2     182.64      16.23      188.30      21.88
  95    167.20      1.39      0      2     188.30      21.10      189.68      22.48
  96    169.51      4.12      0      2     189.68      20.17      193.81      24.30
  98    170.72      15.34      0      0     193.22      22.50      208.57      37.84
  99    171.91      0.52      0      2     193.81      21.90      194.33      22.42
  100    173.54      7.66      0      2     194.33      20.79      201.99      28.45
  106    181.72      1.17      0      1     201.39      19.68      202.56      20.84
  107    184.66      14.71      0      2     201.99      17.33      216.70      32.04
  108    187.00      1.32      0      1     202.56      15.56      203.88      16.88
  109    188.59      2.09      0      1     203.88      15.29      205.97      17.38
  110    190.43      19.49      0      1     205.97      15.54      225.46      35.03
  111    193.22      6.36      0      0     208.57      15.35      214.93      21.71
  112    194.34      6.56      0      0     214.93      20.59      221.49      27.15
  113    208.42      9.00      0      2     216.70      8.28      225.70      17.28
  114    209.52      26.31      0      0     221.49      11.97      247.80      38.28
  115    209.58      8.12      0      1     225.46      15.88      233.58      24.00
  116    211.12      6.87      0      2     225.70      14.58      232.57      21.45
  117    211.53      12.74      0      2     232.57      21.03      245.31      33.77
  118    214.27      9.72      0      1     233.58      19.31      243.30      29.03
  119    214.41      10.71      0      1     243.30      28.89      254.01      39.60
  120    215.54      3.90      0      2     245.31      29.76      249.21      33.66
  121    215.92      2.08      0      0     247.80      31.87      249.88      33.96
  122    218.67      4.09      0      2     249.21      30.54      253.29      34.63
  123    219.50      1.55      0      0     249.88      30.38      251.43      31.92
  124    225.94      4.59      0      0     251.43      25.49      256.02      30.08
  125    233.90      16.91      0      2     253.29      19.39      270.21      36.31
  126    237.20      5.15      0      1     254.01      16.81      259.16      21.97
  127    238.03      1.40      0      0     256.02      17.99      257.42      19.40
  128    238.19      8.50      0      0     257.42      19.24      265.92      27.74
  133    245.66      0.53      0      1     259.16      13.51      259.70      14.04
  134    247.66      6.39      0      1     259.70      12.04      266.09      18.43
  135    249.24      10.72      0      0     265.92      16.68      276.65      27.41
  136    250.80      2.11      0      1     266.09      15.29      268.21      17.40
  137    250.96      1.54      0      1     268.21      17.24      269.74      18.78
  138    254.16      3.12      0      1     269.74      15.59      272.87      18.71
  139    254.89      1.83      0      2     270.21      15.31      272.04      17.14
  140    255.76      2.14      0      2     272.04      16.27      274.17      18.41
  141    256.23      1.12      0      1     272.87      16.64      273.99      17.76
  142    258.25      1.87      0      1     273.99      15.73      275.86      17.60
  143    264.55      5.96      0      2     274.17      9.62      280.13      15.58
  144    264.97      5.44      0      1     275.86      10.88      281.29      16.32
  145    268.96      10.97      0      0     276.65      7.68      287.62      18.65
  146    269.55      1.89      0      2     280.13      10.58      282.03      12.48
  147    272.30      5.74      0      1     281.29      9.00      287.03      14.73
  148    273.68      31.72      0      2     282.03      8.34      313.74      40.06
  149    278.44      3.91      0      1     287.03      8.59      290.94      12.50
  150    287.41      4.10      0      0     287.62      0.21      291.72      4.31
  151    287.83      3.88      0      1     290.94      3.11      294.82      6.99
  152    297.91      19.29      -1      0     297.91      0.00      317.20      19.29
  153    298.05      0.95      -1      1     298.05      0.00      299.00      0.95
  154    299.42      3.03      -1      1     299.42      0.00      302.45      3.03
  155    300.05      19.83      0      1     302.45      2.40      322.28      22.23
  156    303.74      3.35      0      2     313.74      10.00      317.10      13.35
  157    304.04      4.12      0      2     317.10      13.06      321.22      17.18
  158    305.06      0.30      0      0     317.20      12.15      317.50      12.44
  159    306.62      4.33      0      0     317.50      10.88      321.83      15.21
  160    313.44      7.27      0      2     321.22      7.78      328.48      15.05
  161    313.87      1.60      0      0     321.83      7.96      323.43      9.56
  162    314.35      3.81      0      1     322.28      7.94      326.09      11.75
  163    321.12      8.88      0      0     323.43      2.31      332.31      11.18
  164    322.40      2.35      0      1     326.09      3.69      328.44      6.04
  165    329.14      7.81      -1      1     329.14      0.00      336.95      7.81
  166    329.15      3.39      -1      2     329.15      0.00      332.54      3.39
  167    329.46      8.75      0      0     332.31      2.85      341.06      11.60
  168    329.59      2.81      0      2     332.54      2.95      335.34      5.75
  169    331.05      29.35      0      2     335.34      4.29      364.69      33.64
  170    338.29      11.70      -1      1     338.29      0.00      349.99      11.70
  171    339.09      11.19      0      0     341.06      1.97      352.25      13.15
  172    339.14      8.80      0      1     349.99      10.85      358.79      19.65
  173    343.63      3.69      0      0     352.25      8.62      355.94      12.31
  174    347.91      13.50      0      0     355.94      8.04      369.44      21.53
  175    348.82      6.55      0      1     358.79      9.97      365.35      16.53
  176    348.94      3.09      0      2     364.69      15.75      367.78      18.84
  177    349.63      3.74      0      1     365.35      15.72      369.09      19.47
  178    349.83      11.39      0      2     367.78      17.95      379.17      29.34
  179    350.86      11.76      0      1     369.09      18.23      380.85      30.00
  180    351.08      5.82      0      0     369.44      18.36      375.26      24.18
  181    351.09      10.36      0      0     375.26      24.18      385.62      34.53
  182    353.05      1.80      0      2     379.17      26.12      380.97      27.92
  183    353.17      8.31      0      1     380.85      27.68      389.16      35.99
  184    358.14      22.58      0      2     380.97      22.83      403.55      45.42
  186    359.40      8.33      0      0     385.62      26.22      393.95      34.55
  188    368.10      19.00      0      1     389.16      21.06      408.16      40.06
  189    376.90      13.51      0      0     393.95      17.04      407.46      30.55
  190    378.63      0.96      0      2     403.55      24.92      404.51      25.88
  191    378.74      0.54      0      2     404.51      25.76      405.04      26.30
  192    379.02      10.27      0      2     405.04      26.02      415.31      36.29
  193    379.49      3.50      0      0     407.46      27.97      410.96      31.47
  194    379.74      1.60      0      1     408.16      28.42      409.76      30.02
  195    381.86      1.31      0      1     409.76      27.90      411.07      29.22
  196    387.04      30.45      0      0     410.96      23.92      441.41      54.37
  197    389.11      25.99      0      1     411.07      21.96      437.06      47.95
  198    389.39      8.84      0      2     415.31      25.92      424.15      34.76
  203    394.43      1.13      0      2     424.15      29.72      425.27      30.84
  209    405.71      17.41      0      2     425.27      19.56      442.69      36.97
  210    412.08      3.27      0      1     437.06      24.98      440.34      28.26
  211    415.47      8.68      0      1     440.34      24.87      449.02      33.55
  212    420.27      0.56      0      0     441.41      21.14      441.97      21.69
  213    421.09      17.93      0      0     441.97      20.88      459.90      38.81
  214    422.45      2.06      0      2     442.69      20.24      444.75      22.30
  215    431.46      0.30      0      2     444.75      13.29      445.05      13.59
  216    432.76      13.34      0      2     445.05      12.29      458.39      25.63
  217    435.12      0.78      0      1     449.02      13.91      449.80      14.68
  218    435.18      1.55      0      1     449.80      14.62      451.34      16.16
  219    435.24      18.77      0      1     451.34      16.11      470.12      34.88
  221    437.99      1.74      0      2     458.39      20.39      460.13      22.13
  223    442.26      6.12      0      0     459.90      17.63      466.02      23.76
  224    444.12      12.69      0      2     460.13      16.01      472.82      28.70
  225    446.50      0.07      0      0     466.02      19.52      466.09      19.59
  226    446.88      2.19      0      0     466.09      19.20      468.27      21.39
  227    449.21      12.72      0      0     468.27      19.06      480.99      31.78
  228    449.82      44.66      0      1     470.12      20.30      514.78      64.96
  229    450.73      0.97      0      2     472.82      22.09      473.79      23.06
  230    452.03      12.52      0      2     473.79      21.76      486.31      34.28
  231    452.23      0.98      0      0     480.99      28.76      481.97      29.74
  234    460.63      4.23      0      0     481.97      21.33      486.20      25.56
  235    460.82      6.13      0      0     486.20      25.38      492.33      31.51
  236    461.12      2.92      0      2     486.31      25.19      489.23      28.12
  239    466.53      2.10      0      2     489.23      22.71      491.34      24.81
  240    466.55      4.59      0      2     491.34      24.79      495.93      29.38
  243    470.43      6.86      0      0     492.33      21.90      499.19      28.76
  244    475.18      0.51      0      2     495.93      20.75      496.43      21.26
  245    477.50      10.21      0      2     496.43      18.94      506.64      29.15
  246    478.79      0.91      0      0     499.19      20.39      500.10      21.30



Customers Who did not stay



Customer  Arrival    Service
   Id      Time       Time  
--------  -------    -------
27    38.67      0.71
29    46.41      32.38
30    47.09      5.01
31    47.30      13.26
32    47.40      2.71
33    48.34      5.67
36    53.10      0.97
37    53.86      15.09
38    54.29      14.40
41    64.17      3.83
42    64.80      16.99
45    71.12      3.07
46    71.64      1.31
49    77.41      3.79
57    98.77      1.76
63    110.38      2.11
64    110.79      11.95
65    112.01      2.26
75    134.40      2.07
76    136.55      7.92
78    139.22      16.62
81    146.22      1.77
82    146.30      1.97
84    149.04      1.05
85    149.71      2.71
86    149.73      8.35
87    150.72      4.15
88    151.17      14.70
89    153.08      4.75
97    170.00      2.39
101    174.39      3.19
102    174.46      0.82
103    175.69      4.03
104    175.88      9.00
105    179.36      5.52
129    239.09      29.66
130    242.54      6.79
131    242.94      0.65
132    243.23      18.51
185    358.47      5.92
187    360.55      16.12
199    390.70      2.75
200    392.29      3.04
201    392.90      11.36
202    393.19      13.93
204    399.22      33.17
205    399.78      2.15
206    401.87      10.61
207    402.75      8.19
208    403.15      1.67
220    436.70      2.07
222    440.12      55.39
232    452.63      5.14
233    454.46      2.43
237    465.89      4.53
238    465.93      11.59
241    466.97      3.13
242    467.90      4.71



Number of Tellers: 3
Number of Queues: 1
Max number allowed to wait: 10
Customer arrival rate (per hr): 30.0
Customer service time (ave min): 8.0
Number of customers arrived: 246
Number of customers served: 188
Num. Turned Away: 58
Num. who waited: 179
Average Wait: 18.079812808387327
Max Wait: 42.04115346498504
Std. Dev. Wait: 9.228642661652792
Ave. Service: 7.990572386782299
Average Waiter Wait: 18.988853675848144
Ave. in System: 26.070385195169617

Individual customer service information: 

Customer  Arrival    Service  Queue  Teller  Time Serv  Time Cust  Time Serv  Time Spent 
   Id      Time       Time     Loc    Loc     Begins      Waits      Ends       in Sys   
-----------------------------------------------------------------------------------------
  1    0.65      7.70      -1      0     0.65      0.00      8.36      7.70
  2    1.49      10.95      -1      1     1.49      0.00      12.44      10.95
  3    4.61      8.79      -1      2     4.61      0.00      13.39      8.79
  4    7.11      14.06      0      0     8.36      1.25      22.42      15.31
  6    12.90      5.21      -1      1     12.90      0.00      18.11      5.21
  8    14.64      12.42      -1      2     14.64      0.00      27.06      12.42
  7    13.06      2.51      1      1     18.11      5.05      20.63      7.57
  11    18.20      5.34      1      1     20.63      2.43      25.97      7.77
  5    10.82      5.62      0      0     22.42      11.60      28.04      17.22
  12    19.86      10.74      1      1     25.97      6.11      36.71      16.85
  9    15.90      5.44      2      2     27.06      11.16      32.50      16.60
  10    16.06      3.26      0      0     28.04      11.98      31.30      15.24
  14    20.59      0.51      0      0     31.30      10.71      31.81      11.22
  17    23.93      23.92      0      0     31.81      7.88      55.73      31.80
  13    19.91      10.36      2      2     32.50      12.59      42.86      22.94
  15    21.77      16.89      1      1     36.71      14.93      53.59      31.82
  18    23.98      8.47      2      2     42.86      18.88      51.32      27.35
  21    30.16      13.78      2      2     51.32      21.17      65.10      34.95
  16    21.83      13.13      1      1     53.59      31.76      66.72      44.89
  19    24.93      8.92      0      0     55.73      30.80      64.65      39.72
  22    32.66      16.43      0      0     64.65      31.99      81.08      48.42
  24    35.37      6.72      2      2     65.10      29.73      71.82      36.45
  20    27.31      13.22      1      1     66.72      39.41      79.94      52.63
  29    46.41      32.38      2      2     71.82      25.41      104.20      57.79
  26    37.25      4.49      1      1     79.94      42.69      84.43      47.18
  23    34.92      5.11      0      0     81.08      46.16      86.19      51.27
  37    53.86      15.09      1      1     84.43      30.56      99.51      45.65
  25    36.52      4.41      0      0     86.19      49.67      90.60      54.08
  39    58.21      15.91      0      0     90.60      32.39      106.51      48.30
  43    68.65      12.62      1      1     99.51      30.86      112.13      43.48
  36    53.10      0.97      2      2     104.20      51.10      105.17      52.07
  44    70.58      11.75      2      2     105.17      34.60      116.92      46.35
  42    64.80      16.99      0      0     106.51      41.72      123.50      58.70
  50    81.95      2.52      1      1     112.13      30.18      114.65      32.70
  53    93.48      2.37      1      1     114.65      21.16      117.02      23.54
  47    73.79      0.74      2      2     116.92      43.14      117.66      43.87
  59    105.73      3.76      1      1     117.02      11.29      120.77      15.04
  58    105.33      6.72      2      2     117.66      12.33      124.38      19.05
  66    116.61      13.98      1      1     120.77      4.16      134.75      18.14
  51    82.12      8.85      0      0     123.50      41.38      132.35      50.23
  60    107.64      9.49      2      2     124.38      16.74      133.87      26.24
  52    92.54      2.87      0      0     132.35      39.81      135.23      42.69
  68    124.49      17.04      2      2     133.87      9.38      150.92      26.42
  67    122.25      22.51      1      1     134.75      12.50      157.27      35.01
  54    96.28      7.20      0      0     135.23      38.94      142.42      46.14
  61    108.81      6.78      0      0     142.42      33.62      149.20      40.40
  73    132.78      7.64      0      0     149.20      16.43      156.84      24.07
  70    131.28      0.35      2      2     150.92      19.64      151.26      19.98
  72    132.20      0.51      2      2     151.26      19.06      151.78      19.58
  75    134.40      2.07      2      2     151.78      17.38      153.85      19.45
  88    151.17      14.70      2      2     153.85      2.67      168.55      17.38
  74    133.82      6.82      0      0     156.84      23.02      163.66      29.84
  69    129.24      1.77      1      1     157.27      28.03      159.03      29.80
  71    132.18      6.63      1      1     159.03      26.85      165.67      33.49
  77    138.90      4.84      0      0     163.66      24.76      168.50      29.61
  76    136.55      7.92      1      1     165.67      29.12      173.58      37.03
  80    145.66      10.21      0      0     168.50      22.84      178.71      33.05
  89    153.08      4.75      2      2     168.55      15.47      173.30      20.22
  90    155.34      2.45      2      2     173.30      17.96      175.75      20.41
  91    160.67      1.29      1      1     173.58      12.91      174.87      14.20
  92    160.78      11.36      1      1     174.87      14.09      186.23      25.46
  95    167.20      1.39      2      2     175.75      8.55      177.14      9.94
  97    170.00      2.39      2      2     177.14      7.14      179.53      9.52
  85    149.71      2.71      0      0     178.71      29.01      181.43      31.72
  100    173.54      7.66      2      2     179.53      5.98      187.19      13.65
  93    163.86      19.51      0      0     181.43      17.57      200.93      37.07
  94    166.42      5.65      1      1     186.23      19.82      191.89      25.47
  104    175.88      9.00      2      2     187.19      11.31      196.19      20.31
  101    174.39      3.19      1      1     191.89      17.49      195.08      20.69
  103    175.69      4.03      1      1     195.08      19.39      199.11      23.42
  105    179.36      5.52      2      2     196.19      16.83      201.71      22.35
  108    187.00      1.32      1      1     199.11      12.11      200.43      13.43
  111    193.22      6.36      1      1     200.43      7.21      206.79      13.57
  96    169.51      4.12      0      0     200.93      31.43      205.06      35.55
  107    184.66      14.71      2      2     201.71      17.05      216.42      31.76
  98    170.72      15.34      0      0     205.06      34.34      220.40      49.68
  113    208.42      9.00      -1      1     208.42      0.00      217.42      9.00
  109    188.59      2.09      2      2     216.42      27.84      218.51      29.92
  114    209.52      26.31      1      1     217.42      7.90      243.73      34.21
  116    211.12      6.87      2      2     218.51      7.39      225.38      14.26
  106    181.72      1.17      0      0     220.40      38.69      221.57      39.86
  110    190.43      19.49      0      0     221.57      31.14      241.07      50.63
  119    214.41      10.71      2      2     225.38      10.97      236.09      21.68
  122    218.67      4.09      2      2     236.09      17.42      240.18      21.51
  124    225.94      4.59      2      2     240.18      14.24      244.77      18.83
  117    211.53      12.74      0      0     241.07      29.53      253.80      42.27
  115    209.58      8.12      1      1     243.73      34.15      251.84      42.26
  126    237.20      5.15      2      2     244.77      7.57      249.93      12.73
  127    238.03      1.40      2      2     249.93      11.90      251.33      13.30
  130    242.54      6.79      2      2     251.33      8.79      258.12      15.57
  118    214.27      9.72      1      1     251.84      37.58      261.56      47.30
  120    215.54      3.90      0      0     253.80      38.26      257.70      42.16
  125    233.90      16.91      0      0     257.70      23.80      274.62      40.72
  134    247.66      6.39      2      2     258.12      10.45      264.51      16.85
  123    219.50      1.55      1      1     261.56      42.06      263.11      43.61
  133    245.66      0.53      1      1     263.11      17.45      263.65      17.99
  138    254.16      3.12      1      1     263.65      9.49      266.77      12.61
  136    250.80      2.11      2      2     264.51      13.70      266.62      15.82
  139    254.89      1.83      2      2     266.62      11.73      268.45      13.55
  143    264.55      5.96      1      1     266.77      2.22      272.73      8.18
  142    258.25      1.87      2      2     268.45      10.19      270.32      12.07
  145    268.96      10.97      2      2     270.32      1.36      281.29      12.33
  144    264.97      5.44      1      1     272.73      7.76      278.17      13.19
  128    238.19      8.50      0      0     274.62      36.43      283.12      44.93
  146    269.55      1.89      1      1     278.17      8.62      280.06      10.51
  148    273.68      31.72      1      1     280.06      6.38      311.78      38.09
  147    272.30      5.74      2      2     281.29      9.00      287.03      14.73
  131    242.94      0.65      0      0     283.12      40.18      283.76      40.83
  140    255.76      2.14      0      0     283.76      28.00      285.90      30.14
  150    287.41      4.10      -1      0     287.41      0.00      291.51      4.10
  151    287.83      3.88      -1      2     287.83      0.00      291.71      3.88
  152    297.91      19.29      -1      0     297.91      0.00      317.20      19.29
  153    298.05      0.95      -1      2     298.05      0.00      299.00      0.95
  154    299.42      3.03      -1      2     299.42      0.00      302.45      3.03
  156    303.74      3.35      -1      2     303.74      0.00      307.09      3.35
  157    304.04      4.12      2      2     307.09      3.05      311.21      7.17
  149    278.44      3.91      1      1     311.78      33.34      315.69      37.25
  160    313.44      7.27      -1      2     313.44      0.00      320.71      7.27
  159    306.62      4.33      1      1     315.69      9.07      320.01      13.39
  155    300.05      19.83      0      0     317.20      17.16      337.04      36.99
  162    314.35      3.81      1      1     320.01      5.67      323.82      9.48
  161    313.87      1.60      2      2     320.71      6.84      322.31      8.44
  164    322.40      2.35      -1      2     322.40      0.00      324.75      2.35
  163    321.12      8.88      1      1     323.82      2.70      332.70      11.58
  165    329.14      7.81      -1      2     329.14      0.00      336.95      7.81
  166    329.15      3.39      1      1     332.70      3.55      336.09      6.94
  169    331.05      29.35      1      1     336.09      5.04      365.44      34.39
  167    329.46      8.75      2      2     336.95      7.49      345.70      16.24
  158    305.06      0.30      0      0     337.04      31.98      337.33      32.28
  168    329.59      2.81      0      0     337.33      7.74      340.14      10.55
  170    338.29      11.70      0      0     340.14      1.85      351.84      13.55
  172    339.14      8.80      2      2     345.70      6.56      354.50      15.36
  173    343.63      3.69      0      0     351.84      8.21      355.54      11.90
  174    347.91      13.50      2      2     354.50      6.60      368.00      20.10
  175    348.82      6.55      0      0     355.54      6.72      362.09      13.27
  178    349.83      11.39      0      0     362.09      12.26      373.48      23.65
  171    339.09      11.19      1      1     365.44      26.34      376.62      37.53
  177    349.63      3.74      2      2     368.00      18.37      371.74      22.12
  180    351.08      5.82      2      2     371.74      20.66      377.57      26.49
  181    351.09      10.36      0      0     373.48      22.39      383.84      32.75
  176    348.94      3.09      1      1     376.62      27.68      379.71      30.77
  184    358.14      22.58      2      2     377.57      19.43      400.15      42.02
  179    350.86      11.76      1      1     379.71      28.86      391.48      40.62
  182    353.05      1.80      0      0     383.84      30.78      385.63      32.58
  185    358.47      5.92      0      0     385.63      27.17      391.55      33.08
  188    368.10      19.00      1      1     391.48      23.37      410.47      42.37
  191    378.74      0.54      0      0     391.55      12.81      392.09      13.35
  195    381.86      1.31      0      0     392.09      10.23      393.40      11.54
  196    387.04      30.45      0      0     393.40      6.36      423.85      36.82
  189    376.90      13.51      2      2     400.15      23.25      413.66      36.76
  192    379.02      10.27      1      1     410.47      31.45      420.74      41.72
  190    378.63      0.96      2      2     413.66      35.03      414.62      35.99
  193    379.49      3.50      2      2     414.62      35.13      418.12      38.63
  206    401.87      10.61      2      2     418.12      16.25      428.72      26.85
  194    379.74      1.60      1      1     420.74      41.00      422.34      42.60
  201    392.90      11.36      1      1     422.34      29.44      433.70      40.81
  197    389.11      25.99      0      0     423.85      34.74      449.85      60.73
  211    415.47      8.68      2      2     428.72      13.25      437.41      21.94
  210    412.08      3.27      1      1     433.70      21.62      436.98      24.89
  213    421.09      17.93      1      1     436.98      15.89      454.91      33.82
  212    420.27      0.56      2      2     437.41      17.13      437.96      17.69
  215    431.46      0.30      2      2     437.96      6.50      438.26      6.80
  216    432.76      13.34      2      2     438.26      5.50      451.60      18.84
  200    392.29      3.04      0      0     449.85      57.55      452.89      60.59
  221    437.99      1.74      2      2     451.60      13.61      453.34      15.35
  202    393.19      13.93      0      0     452.89      59.70      466.82      73.64
  222    440.12      55.39      2      2     453.34      13.22      508.73      68.62
  214    422.45      2.06      1      1     454.91      32.46      456.97      34.52
  217    435.12      0.78      1      1     456.97      21.86      457.75      22.63
  223    442.26      6.12      1      1     457.75      15.48      463.87      21.61
  234    460.63      4.23      1      1     463.87      3.24      468.10      7.47
  203    394.43      1.13      0      0     466.82      72.39      467.95      73.52
  218    435.18      1.55      0      0     467.95      32.77      469.50      34.32
  235    460.82      6.13      1      1     468.10      7.28      474.24      13.41
  229    450.73      0.97      0      0     469.50      18.77      470.47      19.74
  238    465.93      11.59      0      0     470.47      4.54      482.06      16.13
  236    461.12      2.92      1      1     474.24      13.12      477.16      16.04
  237    465.89      4.53      1      1     477.16      11.26      481.69      15.79
  244    475.18      0.51      1      1     481.69      6.51      482.19      7.02
  241    466.97      3.13      0      0     482.06      15.09      485.18      18.22
  245    477.50      10.21      1      1     482.19      4.70      492.40      14.91
  243    470.43      6.86      0      0     485.18      14.75      492.04      21.61
  246    478.79      0.91      0      0     492.04      13.25      492.95      14.16
  224    444.12      12.69      2      2     508.73      64.61      521.42      77.30
  230    452.03      12.52      2      2     521.42      69.39      533.94      81.92
  233    454.46      2.43      2      2     533.94      79.49      536.37      81.91



Customers Who did not stay



Customer  Arrival    Service
   Id      Time       Time  
--------  -------    -------
27    38.67      0.71
28    42.37      7.55
30    47.09      5.01
31    47.30      13.26
32    47.40      2.71
33    48.34      5.67
34    50.51      11.40
35    51.08      2.84
38    54.29      14.40
40    60.59      16.54
41    64.17      3.83
45    71.12      3.07
46    71.64      1.31
48    75.84      9.15
49    77.41      3.79
55    96.95      24.41
56    97.99      10.04
57    98.77      1.76
62    109.22      10.75
63    110.38      2.11
64    110.79      11.95
65    112.01      2.26
78    139.22      16.62
79    141.87      11.53
81    146.22      1.77
82    146.30      1.97
83    149.01      9.41
84    149.04      1.05
86    149.73      8.35
87    150.72      4.15
99    171.91      0.52
102    174.46      0.82
112    194.34      6.56
121    215.92      2.08
129    239.09      29.66
132    243.23      18.51
135    249.24      10.72
137    250.96      1.54
141    256.23      1.12
183    353.17      8.31
186    359.40      8.33
187    360.55      16.12
198    389.39      8.84
199    390.70      2.75
204    399.22      33.17
205    399.78      2.15
207    402.75      8.19
208    403.15      1.67
209    405.71      17.41
219    435.24      18.77
220    436.70      2.07
225    446.50      0.07
226    446.88      2.19
227    449.21      12.72
228    449.82      44.66
231    452.23      0.98
232    452.63      5.14
239    466.53      2.10
240    466.55      4.59
242    467.90      4.71



Number of Tellers: 3
Number of Queues: 3
Max number allowed to wait: 10
Customer arrival rate (per hr): 30.0
Customer service time (ave min): 8.0
Number of customers arrived: 246
Number of customers served: 186
Num. Turned Away: 60
Num. who waited: 171
Average Wait: 19.184877748689324
Max Wait: 79.48678751600607
Std. Dev. Wait: 15.275486949100317
Ave. Service: 8.000874880171644
Average Waiter Wait: 20.867761761732247
Ave. in System: 27.18575262886096
