Welcome to the Bank Simulation!
We need some information to initialize your simulation...
How many tellers will you have? How many hours will your bank be open? How many customers do you expect per hour? What is the average transaction time (in minutes) of a customer? How many people can wait in your bank? Enter a seed: Individual customer service information: 

Customer  Arrival    Service  Queue  Teller  Time Serv  Time Cust  Time Serv  Time Spent 
   Id      Time       Time     Loc    Loc     Begins      Waits      Ends       in Sys   
-----------------------------------------------------------------------------------------
  1    0.65      7.70      -1      0     0.65      0.00      8.36      7.70
  2    1.49      10.95      -1      1     1.49      0.00      12.44      10.95
  3    4.61      8.79      -1      2     4.61      0.00      13.39      8.79
  4    7.11      14.06      -1      3     7.11      0.00      21.17      14.06
  5    10.82      5.62      -1      0     10.82      0.00      16.44      5.62
  6    12.90      5.21      -1      1     12.90      0.00      18.11      5.21
  7    13.06      2.51      0      2     13.39      0.33      15.91      2.85
  8    14.64      12.42      0      2     15.91      1.27      28.33      13.69
  9    15.90      5.44      0      0     16.44      0.54      21.88      5.98
  10    16.06      3.26      0      1     18.11      2.05      21.37      5.31
  11    18.20      5.34      0      3     21.17      2.97      26.52      8.32
  12    19.86      10.74      0      1     21.37      1.51      32.11      12.25
  13    19.91      10.36      0      0     21.88      1.97      32.24      12.32
  14    20.59      0.51      0      3     26.52      5.93      27.03      6.44
  15    21.77      16.89      0      3     27.03      5.26      43.92      22.14
  16    21.83      13.13      0      2     28.33      6.49      41.45      19.62
  17    23.93      23.92      0      1     32.11      8.17      56.03      32.10
  18    23.98      8.47      0      0     32.24      8.26      40.70      16.73
  19    24.93      8.92      0      0     40.70      15.77      49.62      24.69
  20    27.31      13.22      0      2     41.45      14.14      54.67      27.36
  21    30.16      13.78      0      3     43.92      13.76      57.70      27.54
  22    32.66      16.43      0      0     49.62      16.96      66.05      33.39
  23    34.92      5.11      0      2     54.67      19.75      59.78      24.86
  24    35.37      6.72      0      1     56.03      20.65      62.74      27.37
  25    36.52      4.41      0      3     57.70      21.17      62.11      25.59
  26    37.25      4.49      0      2     59.78      22.54      64.27      27.02
  27    38.67      0.71      0      3     62.11      23.44      62.82      24.15
  28    42.37      7.55      0      1     62.74      20.37      70.30      27.92
  29    46.41      32.38      0      3     62.82      16.41      95.20      48.79
  30    47.09      5.01      0      2     64.27      17.18      69.28      22.19
  31    47.30      13.26      0      0     66.05      18.75      79.31      32.00
  34    50.51      11.40      0      2     69.28      18.78      80.68      30.17
  39    58.21      15.91      0      1     70.30      12.09      86.21      28.00
  40    60.59      16.54      0      0     79.31      18.72      95.84      35.25
  41    64.17      3.83      0      2     80.68      16.50      84.51      20.33
  42    64.80      16.99      0      2     84.51      19.71      101.49      36.70
  43    68.65      12.62      0      1     86.21      17.55      98.82      30.17
  44    70.58      11.75      0      3     95.20      24.63      106.96      36.38
  45    71.12      3.07      0      0     95.84      24.72      98.92      27.80
  46    71.64      1.31      0      1     98.82      27.18      100.14      28.50
  47    73.79      0.74      0      0     98.92      25.13      99.66      25.87
  48    75.84      9.15      0      0     99.66      23.81      108.81      32.96
  49    77.41      3.79      0      1     100.14      22.72      103.93      26.51
  50    81.95      2.52      0      2     101.49      19.54      104.01      22.06
  51    82.12      8.85      0      1     103.93      21.81      112.78      30.66
  52    92.54      2.87      0      2     104.01      11.47      106.89      14.35
  53    93.48      2.37      0      2     106.89      13.40      109.26      15.77
  54    96.28      7.20      0      3     106.96      10.67      114.15      17.87
  55    96.95      24.41      0      0     108.81      11.85      133.21      36.26
  58    105.33      6.72      0      2     109.26      3.93      115.98      10.65
  59    105.73      3.76      0      1     112.78      7.05      116.53      10.80
  60    107.64      9.49      0      3     114.15      6.51      123.64      16.01
  61    108.81      6.78      0      2     115.98      7.17      122.76      13.95
  62    109.22      10.75      0      1     116.53      7.31      127.29      18.07
  63    110.38      2.11      0      2     122.76      12.38      124.87      14.49
  64    110.79      11.95      0      3     123.64      12.86      135.59      24.80
  65    112.01      2.26      0      2     124.87      12.86      127.13      15.12
  66    116.61      13.98      0      2     127.13      10.52      141.11      24.50
  67    122.25      22.51      0      1     127.29      5.03      149.80      27.54
  68    124.49      17.04      0      0     133.21      8.72      150.26      25.76
  69    129.24      1.77      0      3     135.59      6.36      137.36      8.12
  70    131.28      0.35      0      3     137.36      6.08      137.71      6.43
  71    132.18      6.63      0      3     137.71      5.53      144.34      12.16
  72    132.20      0.51      0      2     141.11      8.91      141.63      9.42
  73    132.78      7.64      0      2     141.63      8.85      149.26      16.49
  74    133.82      6.82      0      3     144.34      10.52      151.16      17.34
  75    134.40      2.07      0      2     149.26      14.86      151.33      16.93
  76    136.55      7.92      0      1     149.80      13.25      157.71      21.16
  77    138.90      4.84      0      0     150.26      11.36      155.10      16.20
  78    139.22      16.62      0      3     151.16      11.94      167.78      28.56
  79    141.87      11.53      0      2     151.33      9.46      162.86      21.00
  80    145.66      10.21      0      0     155.10      9.44      165.31      19.65
  81    146.22      1.77      0      1     157.71      11.50      159.49      13.27
  82    146.30      1.97      0      1     159.49      13.18      161.46      15.15
  83    149.01      9.41      0      1     161.46      12.45      170.87      21.87
  84    149.04      1.05      0      2     162.86      13.83      163.92      14.88
  85    149.71      2.71      0      2     163.92      14.21      166.63      16.92
  87    150.72      4.15      0      0     165.31      14.59      169.46      18.74
  88    151.17      14.70      0      2     166.63      15.46      181.33      30.16
  89    153.08      4.75      0      3     167.78      14.70      172.53      19.45
  90    155.34      2.45      0      0     169.46      14.12      171.92      16.58
  91    160.67      1.29      0      1     170.87      10.20      172.16      11.49
  92    160.78      11.36      0      0     171.92      11.14      183.28      22.50
  93    163.86      19.51      0      1     172.16      8.30      191.67      27.81
  94    166.42      5.65      0      3     172.53      6.11      178.18      11.77
  95    167.20      1.39      0      3     178.18      10.98      179.57      12.37
  96    169.51      4.12      0      3     179.57      10.06      183.70      14.19
  97    170.00      2.39      0      2     181.33      11.33      183.72      13.72
  98    170.72      15.34      0      0     183.28      12.56      198.62      27.90
  99    171.91      0.52      0      3     183.70      11.79      184.22      12.31
  100    173.54      7.66      0      2     183.72      10.18      191.38      17.84
  101    174.39      3.19      0      3     184.22      9.82      187.41      13.02
  102    174.46      0.82      0      3     187.41      12.95      188.23      13.77
  103    175.69      4.03      0      3     188.23      12.55      192.27      16.58
  104    175.88      9.00      0      2     191.38      15.50      200.38      24.50
  105    179.36      5.52      0      1     191.67      12.31      197.19      17.83
  106    181.72      1.17      0      3     192.27      10.55      193.43      11.72
  107    184.66      14.71      0      3     193.43      8.77      208.14      23.48
  108    187.00      1.32      0      1     197.19      10.19      198.51      11.51
  109    188.59      2.09      0      1     198.51      9.92      200.60      12.01
  110    190.43      19.49      0      0     198.62      8.19      218.12      27.69
  111    193.22      6.36      0      2     200.38      7.17      206.74      13.52
  112    194.34      6.56      0      1     200.60      6.26      207.17      12.83
  113    208.42      9.00      -1      1     208.42      0.00      217.42      9.00
  114    209.52      26.31      -1      2     209.52      0.00      235.83      26.31
  115    209.58      8.12      -1      3     209.58      0.00      217.70      8.12
  116    211.12      6.87      0      1     217.42      6.30      224.29      13.17
  117    211.53      12.74      0      3     217.70      6.17      230.44      18.91
  118    214.27      9.72      0      0     218.12      3.85      227.84      13.57
  119    214.41      10.71      0      1     224.29      9.88      235.00      20.59
  120    215.54      3.90      0      0     227.84      12.29      231.74      16.19
  121    215.92      2.08      0      3     230.44      14.52      232.52      16.60
  122    218.67      4.09      0      0     231.74      13.07      235.83      17.16
  123    219.50      1.55      0      3     232.52      13.02      234.07      14.57
  124    225.94      4.59      0      3     234.07      8.13      238.67      12.72
  125    233.90      16.91      0      1     235.00      1.10      251.91      18.01
  126    237.20      5.15      -1      0     237.20      0.00      242.35      5.15
  127    238.03      1.40      -1      2     238.03      0.00      239.43      1.40
  128    238.19      8.50      0      3     238.67      0.48      247.16      8.98
  129    239.09      29.66      0      2     239.43      0.34      269.09      30.00
  130    242.54      6.79      -1      0     242.54      0.00      249.33      6.79
  131    242.94      0.65      0      3     247.16      4.23      247.81      4.87
  132    243.23      18.51      0      3     247.81      4.58      266.32      23.08
  133    245.66      0.53      0      0     249.33      3.67      249.86      4.20
  134    247.66      6.39      0      0     249.86      2.20      256.25      8.59
  135    249.24      10.72      0      1     251.91      2.67      262.64      13.40
  136    250.80      2.11      0      0     256.25      5.45      258.37      7.57
  137    250.96      1.54      0      0     258.37      7.41      259.91      8.95
  138    254.16      3.12      0      0     259.91      5.75      263.03      8.87
  139    254.89      1.83      0      1     262.64      7.74      264.46      9.57
  140    255.76      2.14      0      0     263.03      7.27      265.17      9.41
  141    256.23      1.12      0      1     264.46      8.23      265.58      9.35
  142    258.25      1.87      0      0     265.17      6.91      267.04      8.79
  143    264.55      5.96      0      1     265.58      1.03      271.54      6.99
  144    264.97      5.44      0      3     266.32      1.34      271.75      6.78
  145    268.96      10.97      -1      0     268.96      0.00      279.94      10.97
  146    269.55      1.89      -1      2     269.55      0.00      271.44      1.89
  147    272.30      5.74      -1      1     272.30      0.00      278.03      5.74
  148    273.68      31.72      -1      2     273.68      0.00      305.40      31.72
  149    278.44      3.91      -1      1     278.44      0.00      282.35      3.91
  150    287.41      4.10      -1      0     287.41      0.00      291.51      4.10
  151    287.83      3.88      -1      1     287.83      0.00      291.71      3.88
  152    297.91      19.29      -1      0     297.91      0.00      317.20      19.29
  153    298.05      0.95      -1      1     298.05      0.00      299.00      0.95
  154    299.42      3.03      -1      1     299.42      0.00      302.45      3.03
  155    300.05      19.83      -1      3     300.05      0.00      319.88      19.83
  156    303.74      3.35      -1      1     303.74      0.00      307.09      3.35
  157    304.04      4.12      0      2     305.40      1.36      309.52      5.48
  158    305.06      0.30      0      1     307.09      2.04      307.39      2.33
  159    306.62      4.33      0      1     307.39      0.77      311.72      5.10
  160    313.44      7.27      -1      1     313.44      0.00      320.71      7.27
  161    313.87      1.60      -1      2     313.87      0.00      315.47      1.60
  162    314.35      3.81      0      2     315.47      1.13      319.28      4.94
  163    321.12      8.88      -1      0     321.12      0.00      330.00      8.88
  164    322.40      2.35      -1      1     322.40      0.00      324.75      2.35
  165    329.14      7.81      -1      1     329.14      0.00      336.95      7.81
  166    329.15      3.39      -1      2     329.15      0.00      332.54      3.39
  167    329.46      8.75      -1      3     329.46      0.00      338.21      8.75
  168    329.59      2.81      0      0     330.00      0.41      332.81      3.22
  169    331.05      29.35      0      2     332.54      1.49      361.89      30.84
  170    338.29      11.70      -1      0     338.29      0.00      349.99      11.70
  171    339.09      11.19      -1      1     339.09      0.00      350.28      11.19
  172    339.14      8.80      -1      3     339.14      0.00      347.94      8.80
  173    343.63      3.69      0      3     347.94      4.31      351.63      8.00
  174    347.91      13.50      0      0     349.99      2.09      363.49      15.59
  175    348.82      6.55      0      1     350.28      1.46      356.84      8.02
  176    348.94      3.09      0      3     351.63      2.69      354.72      5.78
  177    349.63      3.74      0      3     354.72      5.10      358.47      8.84
  178    349.83      11.39      0      1     356.84      7.00      368.23      18.39
  179    350.86      11.76      0      3     358.47      7.61      370.23      19.37
  180    351.08      5.82      0      2     361.89      10.80      367.71      16.63
  181    351.09      10.36      0      0     363.49      12.40      373.85      22.76
  182    353.05      1.80      0      2     367.71      14.66      369.51      16.46
  183    353.17      8.31      0      1     368.23      15.05      376.53      23.36
  184    358.14      22.58      0      2     369.51      11.37      392.09      33.96
  185    358.47      5.92      0      3     370.23      11.76      376.15      17.68
  186    359.40      8.33      0      0     373.85      14.45      382.17      22.78
  187    360.55      16.12      0      3     376.15      15.59      392.27      31.72
  188    368.10      19.00      0      1     376.53      8.43      395.53      27.43
  189    376.90      13.51      0      0     382.17      5.27      395.68      18.78
  190    378.63      0.96      0      2     392.09      13.46      393.05      14.42
  191    378.74      0.54      0      3     392.27      13.53      392.81      14.06
  192    379.02      10.27      0      3     392.81      13.78      403.07      24.05
  193    379.49      3.50      0      2     393.05      13.56      396.54      17.06
  194    379.74      1.60      0      1     395.53      15.79      397.13      17.39
  195    381.86      1.31      0      0     395.68      13.83      397.00      15.14
  196    387.04      30.45      0      2     396.54      9.51      427.00      39.96
  197    389.11      25.99      0      0     397.00      7.89      422.99      33.88
  198    389.39      8.84      0      1     397.13      7.74      405.97      16.58
  199    390.70      2.75      0      3     403.07      12.37      405.83      15.12
  200    392.29      3.04      0      3     405.83      13.53      408.87      16.57
  201    392.90      11.36      0      1     405.97      13.07      417.33      24.43
  202    393.19      13.93      0      3     408.87      15.68      422.80      29.62
  203    394.43      1.13      0      1     417.33      22.90      418.46      24.03
  204    399.22      33.17      0      1     418.46      19.24      451.63      52.41
  205    399.78      2.15      0      3     422.80      23.03      424.95      25.17
  206    401.87      10.61      0      0     422.99      21.12      433.59      31.72
  207    402.75      8.19      0      3     424.95      22.20      433.15      30.40
  208    403.15      1.67      0      2     427.00      23.85      428.67      25.52
  209    405.71      17.41      0      2     428.67      22.96      446.08      40.37
  210    412.08      3.27      0      3     433.15      21.06      436.42      24.34
  211    415.47      8.68      0      0     433.59      18.13      442.28      26.81
  212    420.27      0.56      0      3     436.42      16.15      436.98      16.71
  213    421.09      17.93      0      3     436.98      15.89      454.91      33.82
  214    422.45      2.06      0      0     442.28      19.83      444.34      21.89
  215    431.46      0.30      0      0     444.34      12.88      444.64      13.18
  216    432.76      13.34      0      0     444.64      11.88      457.98      25.22
  217    435.12      0.78      0      2     446.08      10.97      446.86      11.74
  218    435.18      1.55      0      2     446.86      11.68      448.40      13.22
  219    435.24      18.77      0      2     448.40      13.17      467.18      31.94
  220    436.70      2.07      0      1     451.63      14.93      453.70      16.99
  221    437.99      1.74      0      1     453.70      15.70      455.44      17.44
  222    440.12      55.39      0      3     454.91      14.79      510.30      70.19
  223    442.26      6.12      0      1     455.44      13.18      461.56      19.30
  224    444.12      12.69      0      0     457.98      13.86      470.66      26.55
  225    446.50      0.07      0      1     461.56      15.06      461.63      15.13
  226    446.88      2.19      0      1     461.63      14.74      463.81      16.93
  227    449.21      12.72      0      1     463.81      14.60      476.53      27.32
  228    449.82      44.66      0      2     467.18      17.36      511.84      62.02
  229    450.73      0.97      0      0     470.66      19.94      471.64      20.91
  230    452.03      12.52      0      0     471.64      19.61      484.16      32.13
  233    454.46      2.43      0      1     476.53      22.07      478.96      24.50
  234    460.63      4.23      0      1     478.96      18.32      483.19      22.56
  235    460.82      6.13      0      1     483.19      22.37      489.32      28.50
  236    461.12      2.92      0      0     484.16      23.04      487.08      25.97
  237    465.89      4.53      0      0     487.08      21.19      491.61      25.72
  238    465.93      11.59      0      1     489.32      23.39      500.91      34.98
  239    466.53      2.10      0      0     491.61      25.09      493.72      27.19
  242    467.90      4.71      0      0     493.72      25.82      498.43      30.53
  244    475.18      0.51      0      0     498.43      23.25      498.93      23.76
  245    477.50      10.21      0      0     498.93      21.44      509.14      31.65
  246    478.79      0.91      0      1     500.91      22.12      501.82      23.03



Customers Who did not stay



Customer  Arrival    Service
   Id      Time       Time  
--------  -------    -------
32    47.40      2.71
33    48.34      5.67
35    51.08      2.84
36    53.10      0.97
37    53.86      15.09
38    54.29      14.40
56    97.99      10.04
57    98.77      1.76
86    149.73      8.35
231    452.23      0.98
232    452.63      5.14
240    466.55      4.59
241    466.97      3.13
243    470.43      6.86



Number of Tellers: 4
Number of Queues: 1
Max number allowed to wait: 10
Customer arrival rate (per hr): 30.0
Customer service time (ave min): 8.0
Number of customers arrived: 246
Number of customers served: 232
Num. Turned Away: 14
Num. who waited: 198
Average Wait: 10.32389396791234
Max Wait: 27.183616829028665
Std. Dev. Wait: 7.4434333595005455
Ave. Service: 8.19622761419677
Average Waiter Wait: 12.096683841190217
Ave. in System: 18.520121582109102

Individual customer service information: 

Customer  Arrival    Service  Queue  Teller  Time Serv  Time Cust  Time Serv  Time Spent 
   Id      Time       Time     Loc    Loc     Begins      Waits      Ends       in Sys   
-----------------------------------------------------------------------------------------
  1    0.65      7.70      -1      0     0.65      0.00      8.36      7.70
  2    1.49      10.95      -1      1     1.49      0.00      12.44      10.95
  3    4.61      8.79      -1      2     4.61      0.00      13.39      8.79
  4    7.11      14.06      -1      3     7.11      0.00      21.17      14.06
  5    10.82      5.62      -1      0     10.82      0.00      16.44      5.62
  6    12.90      5.21      -1      1     12.90      0.00      18.11      5.21
  8    14.64      12.42      -1      2     14.64      0.00      27.06      12.42
  7    13.06      2.51      0      0     16.44      3.38      18.95      5.89
  9    15.90      5.44      1      1     18.11      2.21      23.56      7.66
  11    18.20      5.34      0      0     18.95      0.75      24.29      6.09
  14    20.59      0.51      3      3     21.17      0.59      21.69      1.10
  15    21.77      16.89      -1      3     21.77      0.00      38.66      16.89
  13    19.91      10.36      1      1     23.56      3.64      33.91      14.00
  12    19.86      10.74      0      0     24.29      4.43      35.03      15.17
  10    16.06      3.26      2      2     27.06      11.00      30.32      14.26
  20    27.31      13.22      2      2     30.32      3.01      43.53      16.22
  17    23.93      23.92      1      1     33.91      9.98      57.83      33.90
  18    23.98      8.47      0      0     35.03      11.05      43.50      19.52
  16    21.83      13.13      3      3     38.66      16.83      51.79      29.96
  19    24.93      8.92      0      0     43.50      18.57      52.41      27.48
  22    32.66      16.43      2      2     43.53      10.88      59.96      27.31
  26    37.25      4.49      3      3     51.79      14.54      56.28      19.03
  24    35.37      6.72      0      0     52.41      17.04      59.13      23.75
  27    38.67      0.71      3      3     56.28      17.61      56.99      18.32
  36    53.10      0.97      3      3     56.99      3.89      57.96      4.86
  21    30.16      13.78      1      1     57.83      27.68      71.62      41.46
  39    58.21      15.91      -1      3     58.21      0.00      74.12      15.91
  28    42.37      7.55      0      0     59.13      16.76      66.68      24.31
  25    36.52      4.41      2      2     59.96      23.44      64.38      27.85
  29    46.41      32.38      2      2     64.38      17.97      96.76      50.35
  30    47.09      5.01      0      0     66.68      19.59      71.69      24.60
  23    34.92      5.11      1      1     71.62      36.69      76.73      41.80
  37    53.86      15.09      0      0     71.69      17.83      86.78      32.92
  40    60.59      16.54      3      3     74.12      13.53      90.66      30.07
  31    47.30      13.26      1      1     76.73      29.42      89.98      42.68
  43    68.65      12.62      0      0     86.78      18.13      99.40      30.74
  46    71.64      1.31      1      1     89.98      18.34      91.30      19.66
  44    70.58      11.75      3      3     90.66      20.08      102.41      31.83
  49    77.41      3.79      1      1     91.30      13.88      95.09      17.67
  50    81.95      2.52      1      1     95.09      13.13      97.60      15.65
  41    64.17      3.83      2      2     96.76      32.58      100.59      36.41
  52    92.54      2.87      1      1     97.60      5.06      100.48      7.94
  45    71.12      3.07      0      0     99.40      28.28      102.47      31.35
  54    96.28      7.20      1      1     100.48      4.19      107.67      11.39
  42    64.80      16.99      2      2     100.59      35.79      117.57      52.78
  48    75.84      9.15      3      3     102.41      26.57      111.56      35.72
  47    73.79      0.74      0      0     102.47      28.69      103.21      29.42
  57    98.77      1.76      0      0     103.21      4.44      104.97      6.20
  58    105.33      6.72      -1      0     105.33      0.00      112.05      6.72
  56    97.99      10.04      1      1     107.67      9.68      117.71      19.72
  53    93.48      2.37      3      3     111.56      18.08      113.93      20.45
  59    105.73      3.76      0      0     112.05      6.32      115.81      10.07
  64    110.79      11.95      3      3     113.93      3.14      125.88      15.09
  60    107.64      9.49      0      0     115.81      8.17      125.30      17.66
  55    96.95      24.41      2      2     117.57      20.62      141.98      45.03
  61    108.81      6.78      1      1     117.71      8.90      124.49      15.68
  62    109.22      10.75      1      1     124.49      15.27      135.24      26.02
  66    116.61      13.98      0      0     125.30      8.69      139.28      22.67
  65    112.01      2.26      3      3     125.88      13.87      128.14      16.13
  69    129.24      1.77      -1      3     129.24      0.00      131.01      1.77
  70    131.28      0.35      -1      3     131.28      0.00      131.63      0.35
  71    132.18      6.63      -1      3     132.18      0.00      138.81      6.63
  68    124.49      17.04      1      1     135.24      10.75      152.29      27.79
  72    132.20      0.51      3      3     138.81      6.61      139.33      7.12
  67    122.25      22.51      0      0     139.28      17.03      161.79      39.54
  77    138.90      4.84      3      3     139.33      0.43      144.17      5.27
  63    110.38      2.11      2      2     141.98      31.60      144.09      33.71
  75    134.40      2.07      2      2     144.09      9.69      146.16      11.76
  78    139.22      16.62      3      3     144.17      4.95      160.79      21.58
  80    145.66      10.21      2      2     146.16      0.50      156.37      10.71
  74    133.82      6.82      1      1     152.29      18.47      159.10      25.28
  81    146.22      1.77      2      2     156.37      10.15      158.14      11.93
  83    149.01      9.41      2      2     158.14      9.14      167.56      18.55
  76    136.55      7.92      1      1     159.10      22.55      167.02      30.47
  82    146.30      1.97      3      3     160.79      14.49      162.77      16.46
  73    132.78      7.64      0      0     161.79      29.02      169.43      36.66
  84    149.04      1.05      3      3     162.77      13.73      163.82      14.78
  93    163.86      19.51      -1      3     163.86      0.00      183.37      19.51
  86    149.73      8.35      1      1     167.02      17.29      175.37      25.64
  91    160.67      1.29      2      2     167.56      6.88      168.85      8.17
  92    160.78      11.36      2      2     168.85      8.07      180.21      19.43
  79    141.87      11.53      0      0     169.43      27.56      180.96      39.09
  89    153.08      4.75      1      1     175.37      22.29      180.12      27.04
  95    167.20      1.39      1      1     180.12      12.92      181.51      14.31
  96    169.51      4.12      2      2     180.21      10.70      184.33      14.82
  85    149.71      2.71      0      0     180.96      31.26      183.68      33.97
  101    174.39      3.19      1      1     181.51      7.11      184.70      10.30
  94    166.42      5.65      3      3     183.37      16.95      189.02      22.61
  97    170.00      2.39      0      0     183.68      13.67      186.06      16.06
  98    170.72      15.34      2      2     184.33      13.61      199.68      28.95
  103    175.69      4.03      1      1     184.70      9.01      188.73      13.04
  100    173.54      7.66      0      0     186.06      12.52      193.73      20.19
  106    181.72      1.17      1      1     188.73      7.01      189.90      8.18
  99    171.91      0.52      3      3     189.02      17.12      189.55      17.64
  110    190.43      19.49      -1      1     190.43      0.00      209.93      19.49
  111    193.22      6.36      -1      3     193.22      0.00      199.58      6.36
  108    187.00      1.32      0      0     193.73      6.73      195.05      8.05
  109    188.59      2.09      0      0     195.05      6.46      197.14      8.55
  107    184.66      14.71      2      2     199.68      15.02      214.38      29.72
  113    208.42      9.00      -1      0     208.42      0.00      217.42      9.00
  114    209.52      26.31      -1      3     209.52      0.00      235.83      26.31
  112    194.34      6.56      1      1     209.93      15.59      216.49      22.15
  117    211.53      12.74      2      2     214.38      2.85      227.12      15.59
  116    211.12      6.87      1      1     216.49      5.37      223.36      12.24
  115    209.58      8.12      0      0     217.42      7.84      225.54      15.96
  121    215.92      2.08      1      1     223.36      7.44      225.44      9.52
  123    219.50      1.55      1      1     225.44      5.94      226.99      7.49
  120    215.54      3.90      0      0     225.54      9.99      229.44      13.89
  124    225.94      4.59      1      1     226.99      1.05      231.58      5.64
  119    214.41      10.71      2      2     227.12      12.72      237.83      23.43
  122    218.67      4.09      0      0     229.44      10.77      233.53      14.86
  125    233.90      16.91      -1      0     233.90      0.00      250.82      16.91
  118    214.27      9.72      3      3     235.83      21.56      245.55      31.28
  126    237.20      5.15      -1      1     237.20      0.00      242.35      5.15
  127    238.03      1.40      -1      2     238.03      0.00      239.43      1.40
  129    239.09      29.66      1      1     242.35      3.27      272.01      32.92
  130    242.54      6.79      -1      2     242.54      0.00      249.33      6.79
  133    245.66      0.53      -1      3     245.66      0.00      246.19      0.53
  134    247.66      6.39      -1      3     247.66      0.00      254.05      6.39
  132    243.23      18.51      2      2     249.33      6.10      267.84      24.60
  128    238.19      8.50      0      0     250.82      12.63      259.32      21.13
  135    249.24      10.72      3      3     254.05      4.81      264.78      15.54
  137    250.96      1.54      0      0     259.32      8.35      260.85      9.89
  139    254.89      1.83      0      0     260.85      5.96      262.68      7.79
  143    264.55      5.96      -1      0     264.55      0.00      270.52      5.96
  138    254.16      3.12      3      3     264.78      10.62      267.90      13.75
  136    250.80      2.11      2      2     267.84      17.03      269.95      19.15
  142    258.25      1.87      3      3     267.90      9.65      269.77      11.52
  145    268.96      10.97      3      3     269.77      0.81      280.75      11.78
  141    256.23      1.12      2      2     269.95      13.72      271.07      14.84
  144    264.97      5.44      0      0     270.52      5.54      275.95      10.98
  131    242.94      0.65      1      1     272.01      29.08      272.66      29.72
  147    272.30      5.74      -1      2     272.30      0.00      278.03      5.74
  140    255.76      2.14      1      1     272.66      16.89      274.79      19.03
  148    273.68      31.72      1      1     274.79      1.11      306.51      32.83
  146    269.55      1.89      0      0     275.95      6.40      277.85      8.30
  149    278.44      3.91      -1      0     278.44      0.00      282.35      3.91
  150    287.41      4.10      -1      0     287.41      0.00      291.51      4.10
  151    287.83      3.88      -1      2     287.83      0.00      291.71      3.88
  152    297.91      19.29      -1      0     297.91      0.00      317.20      19.29
  153    298.05      0.95      -1      2     298.05      0.00      299.00      0.95
  154    299.42      3.03      -1      2     299.42      0.00      302.45      3.03
  155    300.05      19.83      -1      3     300.05      0.00      319.88      19.83
  156    303.74      3.35      -1      2     303.74      0.00      307.09      3.35
  158    305.06      0.30      1      1     306.51      1.45      306.81      1.75
  159    306.62      4.33      1      1     306.81      0.19      311.13      4.51
  160    313.44      7.27      -1      1     313.44      0.00      320.71      7.27
  161    313.87      1.60      -1      2     313.87      0.00      315.47      1.60
  157    304.04      4.12      0      0     317.20      13.16      321.32      17.28
  162    314.35      3.81      1      1     320.71      6.36      324.52      10.17
  163    321.12      8.88      -1      2     321.12      0.00      330.00      8.88
  164    322.40      2.35      -1      0     322.40      0.00      324.75      2.35
  165    329.14      7.81      -1      0     329.14      0.00      336.95      7.81
  166    329.15      3.39      -1      1     329.15      0.00      332.54      3.39
  167    329.46      8.75      -1      3     329.46      0.00      338.21      8.75
  169    331.05      29.35      -1      2     331.05      0.00      360.40      29.35
  168    329.59      2.81      0      0     336.95      7.36      339.76      10.17
  170    338.29      11.70      -1      1     338.29      0.00      349.99      11.70
  171    339.09      11.19      -1      3     339.09      0.00      350.28      11.19
  172    339.14      8.80      0      0     339.76      0.62      348.56      9.42
  173    343.63      3.69      0      0     348.56      4.93      352.25      8.62
  174    347.91      13.50      1      1     349.99      2.09      363.49      15.59
  177    349.63      3.74      3      3     350.28      0.66      354.03      4.40
  175    348.82      6.55      0      0     352.25      3.43      358.81      9.99
  180    351.08      5.82      3      3     354.03      2.94      359.85      8.77
  178    349.83      11.39      0      0     358.81      8.97      370.19      20.36
  184    358.14      22.58      3      3     359.85      1.72      382.43      24.30
  176    348.94      3.09      2      2     360.40      11.46      363.49      14.55
  183    353.17      8.31      2      2     363.49      10.31      371.79      18.62
  179    350.86      11.76      1      1     363.49      12.63      375.25      24.40
  182    353.05      1.80      0      0     370.19      17.14      371.99      18.94
  187    360.55      16.12      2      2     371.79      11.24      387.92      27.37
  186    359.40      8.33      0      0     371.99      12.60      380.32      20.92
  181    351.09      10.36      1      1     375.25      24.17      385.61      34.52
  189    376.90      13.51      0      0     380.32      3.42      393.83      16.93
  185    358.47      5.92      3      3     382.43      23.97      388.35      29.88
  188    368.10      19.00      1      1     385.61      17.51      404.61      36.51
  190    378.63      0.96      2      2     387.92      9.29      388.87      10.25
  194    379.74      1.60      3      3     388.35      8.61      389.95      10.21
  193    379.49      3.50      2      2     388.87      9.39      392.37      12.88
  198    389.39      8.84      3      3     389.95      0.56      398.79      9.40
  197    389.11      25.99      2      2     392.37      3.26      418.36      29.25
  191    378.74      0.54      0      0     393.83      15.09      394.37      15.62
  195    381.86      1.31      0      0     394.37      12.51      395.68      13.82
  203    394.43      1.13      0      0     395.68      1.25      396.81      2.38
  199    390.70      2.75      3      3     398.79      8.08      401.54      10.84
  204    399.22      33.17      -1      0     399.22      0.00      432.39      33.17
  202    393.19      13.93      3      3     401.54      8.35      415.47      22.29
  192    379.02      10.27      1      1     404.61      25.59      414.88      35.85
  196    387.04      30.45      1      1     414.88      27.84      445.33      58.29
  206    401.87      10.61      3      3     415.47      13.60      426.08      24.21
  200    392.29      3.04      2      2     418.36      26.07      421.41      29.11
  201    392.90      11.36      2      2     421.41      28.51      432.77      39.87
  208    403.15      1.67      3      3     426.08      22.93      427.75      24.60
  213    421.09      17.93      3      3     427.75      6.66      445.68      24.59
  205    399.78      2.15      0      0     432.39      32.61      434.54      34.76
  212    420.27      0.56      2      2     432.77      12.50      433.33      13.05
  214    422.45      2.06      2      2     433.33      10.87      435.39      12.94
  207    402.75      8.19      0      0     434.54      31.79      442.73      39.98
  217    435.12      0.78      2      2     435.39      0.27      436.17      1.05
  219    435.24      18.77      2      2     436.17      0.93      454.94      19.70
  210    412.08      3.27      0      0     442.73      30.65      446.01      33.93
  209    405.71      17.41      1      1     445.33      39.62      462.74      57.03
  215    431.46      0.30      3      3     445.68      14.22      445.98      14.52
  216    432.76      13.34      3      3     445.98      13.22      459.31      26.56
  218    435.18      1.55      0      0     446.01      10.83      447.55      12.38
  222    440.12      55.39      0      0     447.55      7.44      502.95      62.83
  220    436.70      2.07      2      2     454.94      18.24      457.01      20.30
  221    437.99      1.74      2      2     457.01      19.01      458.75      20.75
  225    446.50      0.07      3      3     459.31      12.82      459.38      12.89
  226    446.88      2.19      3      3     459.38      12.50      461.57      14.68
  234    460.63      4.23      -1      2     460.63      0.00      464.87      4.23
  236    461.12      2.92      3      3     461.57      0.45      464.49      3.37
  211    415.47      8.68      1      1     462.74      47.27      471.43      55.96
  235    460.82      6.13      2      2     464.87      4.04      471.00      10.18
  237    465.89      4.53      -1      3     465.89      0.00      470.42      4.53
  239    466.53      2.10      3      3     470.42      3.90      472.53      6.00
  238    465.93      11.59      2      2     471.00      5.07      482.59      16.66
  223    442.26      6.12      1      1     471.43      29.16      477.55      35.29
  241    466.97      3.13      3      3     472.53      5.56      475.65      8.69
  243    470.43      6.86      3      3     475.65      5.22      482.51      12.08
  229    450.73      0.97      1      1     477.55      26.82      478.52      27.79
  242    467.90      4.71      1      1     478.52      10.62      483.23      15.33
  245    477.50      10.21      3      3     482.51      5.01      492.72      15.22
  240    466.55      4.59      2      2     482.59      16.04      487.18      20.63
  246    478.79      0.91      1      1     483.23      4.44      484.14      5.35
  244    475.18      0.51      2      2     487.18      12.00      487.68      12.51
  224    444.12      12.69      0      0     502.95      58.83      515.63      71.52
  227    449.21      12.72      0      0     515.63      66.42      528.35      79.14
  228    449.82      44.66      0      0     528.35      78.53      573.02      123.20



Customers Who did not stay



Customer  Arrival    Service
   Id      Time       Time  
--------  -------    -------
32    47.40      2.71
33    48.34      5.67
34    50.51      11.40
35    51.08      2.84
38    54.29      14.40
51    82.12      8.85
87    150.72      4.15
88    151.17      14.70
90    155.34      2.45
102    174.46      0.82
104    175.88      9.00
105    179.36      5.52
230    452.03      12.52
231    452.23      0.98
232    452.63      5.14
233    454.46      2.43



Number of Tellers: 4
Number of Queues: 4
Max number allowed to wait: 10
Customer arrival rate (per hr): 30.0
Customer service time (ave min): 8.0
Number of customers arrived: 246
Number of customers served: 230
Num. Turned Away: 16
Num. who waited: 183
Average Wait: 10.875630654338346
Max Wait: 78.5335396262036
Std. Dev. Wait: 11.72598153937847
Ave. Service: 8.17582590758544
Average Waiter Wait: 13.668825412556393
Ave. in System: 19.05145656192378
