Welcome to the Bank Simulation!
We need some information to initialize your simulation...
How many tellers will you have? How many hours will your bank be open? How many customers do you expect per hour? What is the average transaction time (in minutes) of a customer? How many people can wait in your bank? Enter a seed: Individual customer service information: 

Customer  Arrival    Service  Queue  Teller  Time Serv  Time Cust  Time Serv  Time Spent 
   Id      Time       Time     Loc    Loc     Begins      Waits      Ends       in Sys   
-----------------------------------------------------------------------------------------
  1    0.65      7.70      -1      0     0.65      0.00      8.36      7.70
  2    1.49      10.95      0      0     8.36      6.87      19.31      17.82
  3    4.61      8.79      0      0     19.31      14.70      28.09      23.49
  4    7.11      14.06      0      0     28.09      20.99      42.16      35.05
  5    10.82      5.62      0      0     42.16      31.34      47.78      36.96
  6    12.90      5.21      0      0     47.78      34.88      52.99      40.09
  7    13.06      2.51      0      0     52.99      39.93      55.50      42.44
  8    14.64      12.42      0      0     55.50      40.86      67.92      53.28
  9    15.90      5.44      0      0     67.92      52.02      73.36      57.46
  10    16.06      3.26      0      0     73.36      57.30      76.62      60.56
  11    18.20      5.34      0      0     76.62      58.42      81.97      63.77
  12    19.86      10.74      0      0     81.97      62.11      92.70      72.84
  13    19.91      10.36      0      0     92.70      72.79      103.06      83.14
  21    30.16      13.78      0      0     103.06      72.90      116.84      86.68
  28    42.37      7.55      0      0     116.84      74.47      124.39      82.02
  33    48.34      5.67      0      0     124.39      76.05      130.06      81.72
  36    53.10      0.97      0      0     130.06      76.96      131.03      77.93
  39    58.21      15.91      0      0     131.03      72.82      146.94      88.73
  43    68.65      12.62      0      0     146.94      78.29      159.56      90.91
  47    73.79      0.74      0      0     159.56      85.77      160.30      86.51
  49    77.41      3.79      0      0     160.30      82.89      164.09      86.67
  51    82.12      8.85      0      0     164.09      81.97      172.94      90.82
  53    93.48      2.37      0      0     172.94      79.46      175.31      81.83
  58    105.33      6.72      0      0     175.31      69.98      182.03      76.70
  67    122.25      22.51      0      0     182.03      59.78      204.54      82.29
  68    124.49      17.04      0      0     204.54      80.05      221.59      97.09
  70    131.28      0.35      0      0     221.59      90.31      221.93      90.65
  71    132.18      6.63      0      0     221.93      89.75      228.56      96.39
  83    149.01      9.41      0      0     228.56      79.56      237.98      88.97
  91    160.67      1.29      0      0     237.98      77.30      239.27      78.59
  92    160.78      11.36      0      0     239.27      78.49      250.63      89.85
  94    166.42      5.65      0      0     250.63      84.21      256.28      89.87
  100    173.54      7.66      0      0     256.28      82.74      263.95      90.41
  103    175.69      4.03      0      0     263.95      88.26      267.98      92.29
  107    184.66      14.71      0      0     267.98      83.32      282.69      98.03
  113    208.42      9.00      0      0     282.69      74.27      291.69      83.27
  124    225.94      4.59      0      0     291.69      65.75      296.28      70.34
  125    233.90      16.91      0      0     296.28      62.38      313.20      79.29
  126    237.20      5.15      0      0     313.20      76.00      318.35      81.15
  127    238.03      1.40      0      0     318.35      80.33      319.75      81.73
  130    242.54      6.79      0      0     319.75      77.21      326.54      84.00
  136    250.80      2.11      0      0     326.54      75.74      328.66      77.85
  142    258.25      1.87      0      0     328.66      70.40      330.53      72.27
  143    264.55      5.96      0      0     330.53      65.97      336.49      71.94
  145    268.96      10.97      0      0     336.49      67.53      347.46      78.50
  150    287.41      4.10      0      0     347.46      60.05      351.56      64.15
  152    297.91      19.29      0      0     351.56      53.65      370.85      72.94
  153    298.05      0.95      0      0     370.85      72.80      371.80      73.75
  160    313.44      7.27      0      0     371.80      58.36      379.07      65.63
  163    321.12      8.88      0      0     379.07      57.94      387.94      66.82
  164    322.40      2.35      0      0     387.94      65.54      390.29      67.89
  165    329.14      7.81      0      0     390.29      61.16      398.11      68.97
  166    329.15      3.39      0      0     398.11      68.96      401.50      72.35
  169    331.05      29.35      0      0     401.50      70.45      430.84      99.80
  170    338.29      11.70      0      0     430.84      92.55      442.55      104.25
  174    347.91      13.50      0      0     442.55      94.64      456.04      108.14
  182    353.05      1.80      0      0     456.04      102.99      457.84      104.79
  189    376.90      13.51      0      0     457.84      80.94      471.35      94.45
  190    378.63      0.96      0      0     471.35      92.73      472.31      93.68
  193    379.49      3.50      0      0     472.31      92.82      475.81      96.32
  197    389.11      25.99      0      0     475.81      86.70      501.80      112.69
  199    390.70      2.75      0      0     501.80      111.10      504.55      113.85
  204    399.22      33.17      0      0     504.55      105.33      537.72      138.51
  206    401.87      10.61      0      0     537.72      135.85      548.33      146.46
  215    431.46      0.30      0      0     548.33      116.87      548.63      117.17
  224    444.12      12.69      0      0     548.63      104.51      561.32      117.20
  234    460.63      4.23      0      0     561.32      100.68      565.55      104.91
  235    460.82      6.13      0      0     565.55      104.73      571.68      110.86
  244    475.18      0.51      0      0     571.68      96.51      572.19      97.01
  245    477.50      10.21      0      0     572.19      94.69      582.40      104.90
  246    478.79      0.91      0      0     582.40      103.60      583.31      104.51



Customers Who did not stay



Customer  Arrival    Service
   Id      Time       Time  
--------  -------    -------
14    20.59      0.51
15    21.77      16.89
16    21.83      13.13
17    23.93      23.92
18    23.98      8.47
19    24.93      8.92
20    27.31      13.22
22    32.66      16.43
23    34.92      5.11
24    35.37      6.72
25    36.52      4.41
26    37.25      4.49
27    38.67      0.71
29    46.41      32.38
30    47.09      5.01
31    47.30      13.26
32    47.40      2.71
34    50.51      11.40
35    51.08      2.84
37    53.86      15.09
38    54.29      14.40
40    60.59      16.54
41    64.17      3.83
42    64.80      16.99
44    70.58      11.75
45    71.12      3.07
46    71.64      1.31
48    75.84      9.15
50    81.95      2.52
52    92.54      2.87
54    96.28      7.20
55    96.95      24.41
56    97.99      10.04
57    98.77      1.76
59    105.73      3.76
60    107.64      9.49
61    108.81      6.78
62    109.22      10.75
63    110.38      2.11
64    110.79      11.95
65    112.01      2.26
66    116.61      13.98
69    129.24      1.77
72    132.20      0.51
73    132.78      7.64
74    133.82      6.82
75    134.40      2.07
76    136.55      7.92
77    138.90      4.84
78    139.22      16.62
79    141.87      11.53
80    145.66      10.21
81    146.22      1.77
82    146.30      1.97
84    149.04      1.05
85    149.71      2.71
86    149.73      8.35
87    150.72      4.15
88    151.17      14.70
89    153.08      4.75
90    155.34      2.45
93    163.86      19.51
95    167.20      1.39
96    169.51      4.12
97    170.00      2.39
98    170.72      15.34
99    171.91      0.52
101    174.39      3.19
102    174.46      0.82
104    175.88      9.00
105    179.36      5.52
106    181.72      1.17
108    187.00      1.32
109    188.59      2.09
110    190.43      19.49
111    193.22      6.36
112    194.34      6.56
114    209.52      26.31
115    209.58      8.12
116    211.12      6.87
117    211.53      12.74
118    214.27      9.72
119    214.41      10.71
120    215.54      3.90
121    215.92      2.08
122    218.67      4.09
123    219.50      1.55
128    238.19      8.50
129    239.09      29.66
131    242.94      0.65
132    243.23      18.51
133    245.66      0.53
134    247.66      6.39
135    249.24      10.72
137    250.96      1.54
138    254.16      3.12
139    254.89      1.83
140    255.76      2.14
141    256.23      1.12
144    264.97      5.44
146    269.55      1.89
147    272.30      5.74
148    273.68      31.72
149    278.44      3.91
151    287.83      3.88
154    299.42      3.03
155    300.05      19.83
156    303.74      3.35
157    304.04      4.12
158    305.06      0.30
159    306.62      4.33
161    313.87      1.60
162    314.35      3.81
167    329.46      8.75
168    329.59      2.81
171    339.09      11.19
172    339.14      8.80
173    343.63      3.69
175    348.82      6.55
176    348.94      3.09
177    349.63      3.74
178    349.83      11.39
179    350.86      11.76
180    351.08      5.82
181    351.09      10.36
183    353.17      8.31
184    358.14      22.58
185    358.47      5.92
186    359.40      8.33
187    360.55      16.12
188    368.10      19.00
191    378.74      0.54
192    379.02      10.27
194    379.74      1.60
195    381.86      1.31
196    387.04      30.45
198    389.39      8.84
200    392.29      3.04
201    392.90      11.36
202    393.19      13.93
203    394.43      1.13
205    399.78      2.15
207    402.75      8.19
208    403.15      1.67
209    405.71      17.41
210    412.08      3.27
211    415.47      8.68
212    420.27      0.56
213    421.09      17.93
214    422.45      2.06
216    432.76      13.34
217    435.12      0.78
218    435.18      1.55
219    435.24      18.77
220    436.70      2.07
221    437.99      1.74
222    440.12      55.39
223    442.26      6.12
225    446.50      0.07
226    446.88      2.19
227    449.21      12.72
228    449.82      44.66
229    450.73      0.97
230    452.03      12.52
231    452.23      0.98
232    452.63      5.14
233    454.46      2.43
236    461.12      2.92
237    465.89      4.53
238    465.93      11.59
239    466.53      2.10
240    466.55      4.59
241    466.97      3.13
242    467.90      4.71
243    470.43      6.86



Number of Tellers: 1
Number of Queues: 1
Max number allowed to wait: 10
Customer arrival rate (per hr): 30.0
Customer service time (ave min): 8.0
Number of customers arrived: 246
Number of customers served: 71
Num. Turned Away: 175
Num. who waited: 70
Average Wait: 73.7923591123996
Max Wait: 135.85444549879907
Std. Dev. Wait: 24.154015992673415
Ave. Service: 8.20642579319762
Average Waiter Wait: 74.84653567114816
Ave. in System: 81.9987849055972

Individual customer service information: 

Customer  Arrival    Service  Queue  Teller  Time Serv  Time Cust  Time Serv  Time Spent 
   Id      Time       Time     Loc    Loc     Begins      Waits      Ends       in Sys   
-----------------------------------------------------------------------------------------
  1    0.65      7.70      -1      0     0.65      0.00      8.36      7.70
  2    1.49      10.95      0      0     8.36      6.87      19.31      17.82
  3    4.61      8.79      0      0     19.31      14.70      28.09      23.49
  4    7.11      14.06      0      0     28.09      20.99      42.16      35.05
  5    10.82      5.62      0      0     42.16      31.34      47.78      36.96
  6    12.90      5.21      0      0     47.78      34.88      52.99      40.09
  7    13.06      2.51      0      0     52.99      39.93      55.50      42.44
  8    14.64      12.42      0      0     55.50      40.86      67.92      53.28
  9    15.90      5.44      0      0     67.92      52.02      73.36      57.46
  10    16.06      3.26      0      0     73.36      57.30      76.62      60.56
  11    18.20      5.34      0      0     76.62      58.42      81.97      63.77
  12    19.86      10.74      0      0     81.97      62.11      92.70      72.84
  13    19.91      10.36      0      0     92.70      72.79      103.06      83.14
  21    30.16      13.78      0      0     103.06      72.90      116.84      86.68
  28    42.37      7.55      0      0     116.84      74.47      124.39      82.02
  33    48.34      5.67      0      0     124.39      76.05      130.06      81.72
  36    53.10      0.97      0      0     130.06      76.96      131.03      77.93
  39    58.21      15.91      0      0     131.03      72.82      146.94      88.73
  43    68.65      12.62      0      0     146.94      78.29      159.56      90.91
  47    73.79      0.74      0      0     159.56      85.77      160.30      86.51
  49    77.41      3.79      0      0     160.30      82.89      164.09      86.67
  51    82.12      8.85      0      0     164.09      81.97      172.94      90.82
  53    93.48      2.37      0      0     172.94      79.46      175.31      81.83
  58    105.33      6.72      0      0     175.31      69.98      182.03      76.70
  67    122.25      22.51      0      0     182.03      59.78      204.54      82.29
  68    124.49      17.04      0      0     204.54      80.05      221.59      97.09
  70    131.28      0.35      0      0     221.59      90.31      221.93      90.65
  71    132.18      6.63      0      0     221.93      89.75      228.56      96.39
  83    149.01      9.41      0      0     228.56      79.56      237.98      88.97
  91    160.67      1.29      0      0     237.98      77.30      239.27      78.59
  92    160.78      11.36      0      0     239.27      78.49      250.63      89.85
  94    166.42      5.65      0      0     250.63      84.21      256.28      89.87
  100    173.54      7.66      0      0     256.28      82.74      263.95      90.41
  103    175.69      4.03      0      0     263.95      88.26      267.98      92.29
  107    184.66      14.71      0      0     267.98      83.32      282.69      98.03
  113    208.42      9.00      0      0     282.69      74.27      291.69      83.27
  124    225.94      4.59      0      0     291.69      65.75      296.28      70.34
  125    233.90      16.91      0      0     296.28      62.38      313.20      79.29
  126    237.20      5.15      0      0     313.20      76.00      318.35      81.15
  127    238.03      1.40      0      0     318.35      80.33      319.75      81.73
  130    242.54      6.79      0      0     319.75      77.21      326.54      84.00
  136    250.80      2.11      0      0     326.54      75.74      328.66      77.85
  142    258.25      1.87      0      0     328.66      70.40      330.53      72.27
  143    264.55      5.96      0      0     330.53      65.97      336.49      71.94
  145    268.96      10.97      0      0     336.49      67.53      347.46      78.50
  150    287.41      4.10      0      0     347.46      60.05      351.56      64.15
  152    297.91      19.29      0      0     351.56      53.65      370.85      72.94
  153    298.05      0.95      0      0     370.85      72.80      371.80      73.75
  160    313.44      7.27      0      0     371.80      58.36      379.07      65.63
  163    321.12      8.88      0      0     379.07      57.94      387.94      66.82
  164    322.40      2.35      0      0     387.94      65.54      390.29      67.89
  165    329.14      7.81      0      0     390.29      61.16      398.11      68.97
  166    329.15      3.39      0      0     398.11      68.96      401.50      72.35
  169    331.05      29.35      0      0     401.50      70.45      430.84      99.80
  170    338.29      11.70      0      0     430.84      92.55      442.55      104.25
  174    347.91      13.50      0      0     442.55      94.64      456.04      108.14
  182    353.05      1.80      0      0     456.04      102.99      457.84      104.79
  189    376.90      13.51      0      0     457.84      80.94      471.35      94.45
  190    378.63      0.96      0      0     471.35      92.73      472.31      93.68
  193    379.49      3.50      0      0     472.31      92.82      475.81      96.32
  197    389.11      25.99      0      0     475.81      86.70      501.80      112.69
  199    390.70      2.75      0      0     501.80      111.10      504.55      113.85
  204    399.22      33.17      0      0     504.55      105.33      537.72      138.51
  206    401.87      10.61      0      0     537.72      135.85      548.33      146.46
  215    431.46      0.30      0      0     548.33      116.87      548.63      117.17
  224    444.12      12.69      0      0     548.63      104.51      561.32      117.20
  234    460.63      4.23      0      0     561.32      100.68      565.55      104.91
  235    460.82      6.13      0      0     565.55      104.73      571.68      110.86
  244    475.18      0.51      0      0     571.68      96.51      572.19      97.01
  245    477.50      10.21      0      0     572.19      94.69      582.40      104.90
  246    478.79      0.91      0      0     582.40      103.60      583.31      104.51



Customers Who did not stay



Customer  Arrival    Service
   Id      Time       Time  
--------  -------    -------
14    20.59      0.51
15    21.77      16.89
16    21.83      13.13
17    23.93      23.92
18    23.98      8.47
19    24.93      8.92
20    27.31      13.22
22    32.66      16.43
23    34.92      5.11
24    35.37      6.72
25    36.52      4.41
26    37.25      4.49
27    38.67      0.71
29    46.41      32.38
30    47.09      5.01
31    47.30      13.26
32    47.40      2.71
34    50.51      11.40
35    51.08      2.84
37    53.86      15.09
38    54.29      14.40
40    60.59      16.54
41    64.17      3.83
42    64.80      16.99
44    70.58      11.75
45    71.12      3.07
46    71.64      1.31
48    75.84      9.15
50    81.95      2.52
52    92.54      2.87
54    96.28      7.20
55    96.95      24.41
56    97.99      10.04
57    98.77      1.76
59    105.73      3.76
60    107.64      9.49
61    108.81      6.78
62    109.22      10.75
63    110.38      2.11
64    110.79      11.95
65    112.01      2.26
66    116.61      13.98
69    129.24      1.77
72    132.20      0.51
73    132.78      7.64
74    133.82      6.82
75    134.40      2.07
76    136.55      7.92
77    138.90      4.84
78    139.22      16.62
79    141.87      11.53
80    145.66      10.21
81    146.22      1.77
82    146.30      1.97
84    149.04      1.05
85    149.71      2.71
86    149.73      8.35
87    150.72      4.15
88    151.17      14.70
89    153.08      4.75
90    155.34      2.45
93    163.86      19.51
95    167.20      1.39
96    169.51      4.12
97    170.00      2.39
98    170.72      15.34
99    171.91      0.52
101    174.39      3.19
102    174.46      0.82
104    175.88      9.00
105    179.36      5.52
106    181.72      1.17
108    187.00      1.32
109    188.59      2.09
110    190.43      19.49
111    193.22      6.36
112    194.34      6.56
114    209.52      26.31
115    209.58      8.12
116    211.12      6.87
117    211.53      12.74
118    214.27      9.72
119    214.41      10.71
120    215.54      3.90
121    215.92      2.08
122    218.67      4.09
123    219.50      1.55
128    238.19      8.50
129    239.09      29.66
131    242.94      0.65
132    243.23      18.51
133    245.66      0.53
134    247.66      6.39
135    249.24      10.72
137    250.96      1.54
138    254.16      3.12
139    254.89      1.83
140    255.76      2.14
141    256.23      1.12
144    264.97      5.44
146    269.55      1.89
147    272.30      5.74
148    273.68      31.72
149    278.44      3.91
151    287.83      3.88
154    299.42      3.03
155    300.05      19.83
156    303.74      3.35
157    304.04      4.12
158    305.06      0.30
159    306.62      4.33
161    313.87      1.60
162    314.35      3.81
167    329.46      8.75
168    329.59      2.81
171    339.09      11.19
172    339.14      8.80
173    343.63      3.69
175    348.82      6.55
176    348.94      3.09
177    349.63      3.74
178    349.83      11.39
179    350.86      11.76
180    351.08      5.82
181    351.09      10.36
183    353.17      8.31
184    358.14      22.58
185    358.47      5.92
186    359.40      8.33
187    360.55      16.12
188    368.10      19.00
191    378.74      0.54
192    379.02      10.27
194    379.74      1.60
195    381.86      1.31
196    387.04      30.45
198    389.39      8.84
200    392.29      3.04
201    392.90      11.36
202    393.19      13.93
203    394.43      1.13
205    399.78      2.15
207    402.75      8.19
208    403.15      1.67
209    405.71      17.41
210    412.08      3.27
211    415.47      8.68
212    420.27      0.56
213    421.09      17.93
214    422.45      2.06
216    432.76      13.34
217    435.12      0.78
218    435.18      1.55
219    435.24      18.77
220    436.70      2.07
221    437.99      1.74
222    440.12      55.39
223    442.26      6.12
225    446.50      0.07
226    446.88      2.19
227    449.21      12.72
228    449.82      44.66
229    450.73      0.97
230    452.03      12.52
231    452.23      0.98
232    452.63      5.14
233    454.46      2.43
236    461.12      2.92
237    465.89      4.53
238    465.93      11.59
239    466.53      2.10
240    466.55      4.59
241    466.97      3.13
242    467.90      4.71
243    470.43      6.86



Number of Tellers: 1
Number of Queues: 1
Max number allowed to wait: 10
Customer arrival rate (per hr): 30.0
Customer service time (ave min): 8.0
Number of customers arrived: 246
Number of customers served: 71
Num. Turned Away: 175
Num. who waited: 70
Average Wait: 73.7923591123996
Max Wait: 135.85444549879907
Std. Dev. Wait: 24.154015992673415
Ave. Service: 8.20642579319762
Average Waiter Wait: 74.84653567114816
Ave. in System: 81.9987849055972
